box:1036.5,36;2200,24;-3.14159;
box:1064,508;2200,24;-3.14159;
