box:1100,32;2352,32;-3.14159;
box:1100,512;2352,32;-3.14159;
box:40,272;208,128;-3.14159;
