box:1100.5,511.5;2352,32;-3.14159;
box:1100,32;2352,32;-3.14159;
